10
-9.97497 1.27171 -6.13392 6.17481 1.70019 -0.402539 -2.99417 7.91925 6.4568 4.9321
-6.51784 7.17887 4.21003 0.270699 -3.9201 -9.70031 -8.17194 -2.71096 -7.05374 -6.68203
9.7705 -1.08615 -7.61834 -9.90661 -9.82177 -2.4424 0.633259 1.42369 2.03528 2.14331
-6.67531 3.2609 -0.984222 -2.95755 -8.85922 2.15369 5.66637 6.05213 0.397656 -3.961
7.51946 4.53352 9.11802 8.51436 0.787072 -7.15323 -0.758385 -5.29344 7.24479 -5.80798
5.59313 6.87307 9.93591 9.9939 2.22999 -2.15125 -4.67574 -4.05438 6.80288 -9.52513
-2.48268 -8.14753 3.54411 -8.8757 -9.82421 8.3758 -4.48225 -4.54207 1.75817 3.82366
6.75222 4.52986 -0.301218 -5.89282 4.87472 -0.630818 -0.840785 8.98312 4.88876 -7.83441
1.98096 -2.2953 4.70016 2.17933 1.4481 -2.77322 -6.9689 -5.49791 -1.49693 6.05762
0.342112 9.7998 5.03098 -3.08878 -6.62038 3.14615 -0.162053 -8.72921 3.99518 0.0961333